tensor([[-4.1241e-05,  1.4954e-06,  4.7071e-02,  2.3353e-05,  2.9016e-02,
          4.2050e-06,  1.3639e-01,  2.1466e-02, -1.0009e-04,  2.8244e-01,
          1.8121e-01,  1.2996e-01, -1.9331e-04,  1.8662e-02,  1.5873e-01,
          1.1455e-01],
        [ 6.1537e-01,  3.1889e-04,  4.6273e-05, -1.3319e-04, -5.3604e-05,
         -4.5776e-05, -3.8530e-05, -1.7604e-04,  2.6086e-05,  6.1741e-05,
          1.2742e-04, -1.3791e-05,  8.0369e-05,  6.3283e-05,  6.4573e-05,
          2.7807e-04],
        [ 9.9009e-05,  3.8996e-01,  6.0117e-05,  2.2605e-05, -6.6198e-05,
          2.5343e-06,  2.0525e-05,  1.4443e-04, -2.5286e-04,  7.5459e-06,
         -1.1919e-04,  1.0418e-04,  8.9947e-06, -4.1663e-06, -1.0473e-04,
          5.6682e-05],
        [ 5.9163e-05,  3.0746e-05,  6.1258e-01, -1.7219e-04, -9.7567e-05,
          6.7971e-05,  9.1350e-05,  1.1203e-04,  2.0556e-05,  1.1954e-04,
         -1.2761e-04, -3.0712e-05, -2.1595e-04,  5.1932e-02,  9.8406e-05,
          3.5588e-05],
        [ 2.0943e-03, -1.1749e-05,  2.0740e-01,  9.1715e-01,  2.8101e-04,
          8.8842e-05,  3.4146e-01, -1.1018e-04, -5.1888e-05,  7.9512e-02,
          6.8996e-02, -3.0141e-04,  1.5076e-02, -7.7890e-03,  3.4673e-02,
          2.0427e-01],
        [-4.6594e-04,  4.3997e-05,  8.9580e-06, -5.9428e-05,  4.4464e-01,
          6.0059e-02,  1.0697e-04, -1.1152e-04, -1.4554e-04, -8.0066e-06,
         -8.3392e-05,  2.6982e-06, -9.6988e-05,  9.1456e-05, -1.0063e-04,
          5.6215e-03],
        [-1.7028e-04, -1.3448e-04,  1.0319e-04,  4.4423e-04, -7.9041e-06,
          2.2470e-01,  6.9516e-05, -7.0160e-06,  4.9807e-05,  1.9889e-04,
          4.1463e-03, -1.3667e-04,  1.2861e-04, -6.7325e-05, -8.9206e-05,
         -1.4315e-04],
        [ 9.4936e-05,  1.5850e-04,  7.2361e-05,  3.7409e-05,  7.4837e-05,
         -3.4554e-05,  1.6905e-01, -2.0387e-04,  7.5327e-05, -2.5214e-04,
          7.4897e-05, -1.4489e-05, -5.7272e-05,  8.5446e-05,  6.4430e-05,
          1.2127e-05],
        [ 1.8019e-02, -9.6928e-05,  2.7664e-05,  3.6935e-06,  1.9471e-05,
          1.5775e-04,  9.0538e-05,  5.1338e-01, -1.6885e-04, -3.8429e-05,
          2.5570e-04, -2.5640e-04,  4.8964e-04, -1.7990e-04, -1.7609e-04,
          1.0989e-04],
        [ 2.0605e-05,  2.0769e-05,  7.6238e-03,  6.1184e-02, -1.2427e-05,
          2.7097e-05, -3.5174e-05, -1.7261e-05,  1.0050e+00,  7.3663e-05,
          1.2731e-01, -1.9743e-04,  1.2730e-02, -1.8515e-04,  8.4655e-05,
         -2.6517e-05],
        [ 9.8256e-05,  1.0070e-04,  1.2602e-01, -5.0402e-04, -2.8376e-05,
          1.8353e-04,  2.9207e-05,  8.3801e-05,  2.9614e-05,  5.5529e-01,
          1.4923e-04,  5.1215e-05,  1.1097e-04,  1.0786e-05,  1.6360e-02,
         -1.4371e-04],
        [-8.7851e-05, -2.0753e-04, -5.3650e-05,  3.9455e-05, -1.9081e-04,
          2.8682e-04,  5.5041e-05, -3.5916e-05, -2.1319e-04, -2.2150e-04,
          5.5956e-01,  1.2110e-04,  1.9810e-04,  2.2552e-04,  2.8675e-04,
         -9.5183e-05],
        [ 1.0450e-04, -2.3888e-05, -5.1340e-05, -2.8837e-04, -1.1780e-04,
          1.7992e-04,  2.2002e-04, -2.3711e-05, -3.3666e-04, -4.6629e-05,
          6.4157e-06,  6.3638e-02, -2.4306e-04, -1.4538e-04,  1.8020e-05,
          1.2626e-04],
        [-1.1572e-04,  3.8074e-05, -7.0297e-05,  2.3864e-04,  1.7851e-01,
         -8.8225e-05,  2.2494e-04,  1.6108e-04,  4.0227e-04,  1.1793e-05,
         -1.3082e-04, -3.1575e-07,  5.1118e-01,  8.5531e-05,  6.8912e-02,
          3.2162e-05],
        [-1.2399e-04,  7.1582e-05,  1.3369e-04,  3.6857e-05, -6.2291e-05,
         -1.7348e-04,  1.0829e-01,  1.8122e-04,  3.7958e-05, -3.5986e-05,
          1.2128e-04,  8.7483e-02, -8.0070e-05,  6.7705e-01, -1.0798e-04,
          6.5931e-02],
        [-1.1019e-04,  2.6459e-05, -2.0217e-05, -1.4250e-05,  6.4375e-05,
          6.8088e-05, -7.9580e-05,  1.4245e-04, -2.7990e-04, -6.6986e-06,
          4.7237e-05, -3.4871e-05, -1.0763e-04,  1.5222e-04,  6.2835e-01,
          1.8199e-01],
        [-1.0938e-04,  1.4131e-04, -1.4760e-04, -3.9772e-05,  1.4261e-05,
          1.3427e-04,  1.8237e-05,  4.3007e-04, -2.2958e-04,  8.1600e-05,
          1.5339e-04,  2.6726e-05,  2.3964e-04, -1.2357e-04,  1.8897e-05,
          5.6409e-01],
        [-1.3414e-05,  7.1780e-05,  1.2784e-04,  5.5678e-05,  1.5077e-04,
         -8.0829e-06, -4.0646e-04, -1.4058e-04,  8.3618e-05, -1.0086e-04,
          3.6791e-04,  1.4968e-05, -1.5239e-04,  2.6423e-04,  9.7681e-05,
         -1.7823e-04],
        [ 4.3772e-06,  5.8881e-05, -1.3089e-04, -9.1826e-05,  5.1365e-05,
         -1.3330e-04, -5.2975e-05, -6.9520e-05,  1.8634e-04,  3.5556e-05,
         -1.6827e-05,  8.5056e-05,  1.4679e-04, -9.9878e-05, -5.8256e-05,
         -1.6762e-05],
        [ 1.7741e-04, -1.8853e-04, -4.8495e-04,  3.5360e-05, -7.4846e-07,
          3.6791e-05,  1.3635e-05, -3.8728e-05,  1.3397e-04,  2.2263e-04,
          8.4719e-05,  1.0242e-04, -1.8175e-04,  1.3152e-04,  2.0381e-05,
          1.0619e-04],
        [ 1.0811e-05, -1.7315e-04,  6.1711e-06,  1.4071e-04,  8.8126e-05,
         -2.7455e-04,  2.2579e-05,  1.7515e-04, -1.7044e-05, -7.9104e-05,
          1.4326e-04,  1.0226e-04, -5.9776e-05,  7.5530e-05, -1.0653e-04,
          8.6025e-05],
        [-6.6271e-05, -8.0009e-05, -3.2831e-04, -2.5088e-04,  1.4215e-04,
          4.3675e-05, -1.2278e-04, -9.6909e-05, -4.0701e-05, -1.0007e-04,
         -4.0234e-04, -9.9384e-05,  1.6386e-04,  1.4496e-04,  1.1889e-04,
         -3.1361e-05],
        [-2.4567e-04, -3.4139e-05,  6.6078e-04, -4.8432e-05, -4.2758e-05,
          2.0946e-04, -9.5345e-05, -4.6952e-05, -8.2941e-05, -1.3680e-04,
         -3.2425e-04,  7.8502e-05,  2.8532e-04, -9.1156e-05, -1.2083e-04,
         -4.4414e-05],
        [ 1.3614e-04,  6.9341e-05,  3.8176e-04, -2.0477e-04, -3.2784e-04,
          1.8355e-04,  1.9930e-05, -2.2964e-06,  1.8469e-04,  2.2990e-05,
         -8.8154e-05, -1.6692e-05,  1.1048e-05,  1.9880e-04, -1.8067e-04,
         -1.0778e-04],
        [-3.1686e-05,  3.7903e-05,  3.5992e-05,  2.9822e-04, -1.2432e-04,
         -9.8180e-05, -2.5401e-04, -6.5350e-05,  7.9406e-05,  4.7923e-05,
          1.5303e-04, -2.1690e-04,  2.1307e-04,  8.6173e-06,  2.6776e-05,
         -9.5548e-07],
        [-8.1114e-05,  9.0603e-06,  8.8230e-05,  3.8729e-05,  4.7039e-05,
          7.3238e-06,  3.1075e-05, -1.7413e-04, -2.4242e-05,  5.8285e-05,
         -6.2391e-05,  1.6767e-04, -9.3095e-05,  1.8990e-04, -1.8340e-04,
         -2.0016e-04],
        [ 5.8746e-05, -5.9858e-05,  2.2417e-04, -1.1848e-05, -1.4389e-04,
          4.8917e-05,  3.1546e-06,  1.7928e-04,  8.1985e-05, -2.5706e-06,
         -1.6452e-04,  4.9132e-05, -2.2145e-05,  2.2306e-04, -3.9077e-04,
          5.3037e-04],
        [-1.4147e-04, -5.9470e-05,  4.0977e-04,  1.6251e-04, -1.6816e-04,
          3.1637e-05,  3.7991e-05, -5.4308e-05,  1.6133e-06,  3.6093e-06,
         -2.3042e-05, -4.7271e-05,  1.2647e-04,  3.2010e-04, -1.5714e-04,
         -4.4475e-05],
        [-1.7898e-05, -2.6540e-04, -1.2207e-04, -2.5861e-04,  8.6331e-05,
          2.0380e-04, -1.8057e-04, -1.9790e-05,  7.2834e-05,  9.5221e-06,
          8.3572e-05,  7.3352e-05,  1.8979e-04,  1.9560e-04,  6.3915e-05,
          1.6113e-04],
        [ 2.1771e-04,  1.4336e-04, -1.6484e-04, -1.0827e-04,  2.7290e-05,
          1.0006e-05,  1.7994e-04,  2.6644e-04, -1.1108e-04,  1.1085e-04,
          8.6788e-05,  1.5472e-04,  5.1166e-05, -3.5585e-05, -9.6673e-07,
          5.7096e-05],
        [ 1.2787e-04,  1.1475e-05, -1.9298e-04,  4.0884e-05,  9.1807e-05,
         -2.2847e-04,  3.3713e-04, -8.7985e-05,  6.8634e-05, -1.4199e-04,
         -4.9433e-04,  6.7104e-05, -8.4725e-06, -1.8603e-04, -5.4157e-05,
          4.1278e-05],
        [ 1.2597e-05,  3.0655e-04,  3.1669e-04, -1.1793e-04,  2.3325e-04,
          2.7701e-04,  2.0392e-05, -7.7658e-05, -1.4849e-04, -2.7696e-04,
         -2.2474e-05,  9.0772e-05,  1.7598e-04,  3.1242e-06, -4.1779e-07,
          1.0693e-04],
        [-1.0641e-04, -9.9525e-06,  2.4630e-04,  5.7206e-05,  8.6871e-05,
         -1.8473e-05,  8.0663e-05, -7.4819e-05,  1.2987e-05, -8.4324e-05,
          1.6071e-04, -1.3107e-04,  5.1917e-04, -7.1534e-05, -7.4977e-06,
          1.4469e-04],
        [ 2.5475e-04,  2.7453e-04, -6.6200e-05, -2.8490e-05,  1.9412e-04,
          8.0078e-05, -2.6419e-04,  1.5064e-04, -1.9305e-04,  1.8917e-04,
         -2.3250e-04, -1.8677e-04,  1.7550e-04,  1.7501e-05,  1.1096e-04,
          1.3496e-05],
        [-1.1115e-07,  6.5951e-05,  1.8752e-04, -1.6615e-05,  1.5616e-04,
         -1.0974e-04,  7.6614e-05,  5.6350e-05, -2.9954e-05,  1.1907e-04,
          6.6124e-05,  1.0245e-04,  7.0055e-06,  3.0919e-04, -3.6571e-04,
          8.7910e-05],
        [-1.5244e-04,  8.5418e-05,  8.5518e-05,  9.2312e-05, -1.4874e-04,
         -1.4582e-05,  1.6913e-04, -3.4248e-05,  2.9847e-04, -4.8380e-07,
          1.4962e-04, -7.9746e-06,  9.5746e-05,  1.1718e-04, -8.8323e-05,
         -1.1321e-04],
        [ 3.0788e-05, -1.6269e-04, -7.6515e-05,  1.2116e-04,  3.2812e-05,
         -5.8863e-05,  2.3392e-04, -3.7226e-05, -8.2246e-05, -2.1182e-05,
         -4.7652e-05,  1.2414e-05,  1.0031e-04,  1.4542e-04, -7.4634e-05,
          1.3105e-04],
        [-3.4657e-04,  9.0290e-05, -1.4254e-04,  9.0034e-05, -1.4609e-04,
         -5.7334e-05, -2.2357e-04,  1.4337e-04, -1.3980e-04,  2.5455e-04,
         -8.9728e-05,  5.3315e-05,  1.9411e-05, -2.9506e-04, -8.1829e-05,
         -1.0992e-04],
        [-1.2271e-04, -1.1366e-04, -1.8549e-04, -3.8597e-04,  2.0421e-04,
         -1.2873e-04,  1.2473e-04, -2.8534e-05, -1.7354e-04, -6.7359e-05,
         -4.5518e-05,  8.7050e-05, -8.3469e-05, -1.3426e-04,  5.0512e-05,
          3.5755e-05],
        [ 1.4133e-04,  7.7223e-07, -3.0549e-05,  1.4531e-05,  3.3738e-05,
         -1.9977e-04, -3.9053e-05, -2.9463e-05,  6.8891e-05, -1.0139e-04,
          1.1832e-04, -1.0960e-05, -2.0622e-05, -1.6428e-05,  2.0899e-04,
         -3.2202e-04],
        [-1.1175e-04, -5.1559e-05,  3.3320e-04,  8.4547e-05,  1.1096e-04,
          1.8678e-06,  1.0993e-04, -1.5624e-04,  1.9309e-05, -1.3554e-04,
          2.0218e-04, -1.0961e-04, -4.7243e-05, -4.1154e-04,  1.3185e-04,
         -1.0150e-04],
        [ 3.1241e-05,  2.9537e-05,  1.3508e-04, -1.7813e-04,  5.3217e-05,
         -1.8244e-04,  8.9619e-05, -1.6911e-05,  1.4708e-04, -7.2415e-06,
         -3.7700e-05, -1.4252e-04, -3.6459e-05, -1.2289e-04, -1.5541e-04,
         -2.2636e-04],
        [-1.6871e-05,  6.9608e-05, -6.6903e-05, -9.2064e-06,  1.4081e-04,
          3.8819e-04,  1.4875e-04,  7.5570e-05,  2.7932e-05, -3.3971e-04,
         -2.3648e-04, -3.1876e-04, -1.0937e-04, -4.2624e-05,  3.6799e-05,
          6.0445e-05],
        [ 1.8615e-04, -2.6335e-04,  1.2114e-04, -3.9862e-05, -1.6892e-04,
         -6.3212e-05,  8.1911e-05, -5.2816e-06,  2.0289e-04,  7.7148e-05,
          9.1650e-05,  1.0909e-04,  1.4541e-06,  1.3606e-05, -1.2792e-04,
          2.2571e-04],
        [ 9.0010e-05, -1.7261e-05, -2.2389e-05,  2.5609e-04, -8.9830e-05,
          5.4858e-05,  1.8464e-04,  1.0890e-04,  6.2629e-05,  5.6099e-05,
         -6.5613e-06, -3.3366e-05, -8.1229e-05,  1.5736e-04, -5.1852e-05,
          4.5139e-04],
        [-1.0003e-04, -5.6383e-05,  2.9609e-04, -5.7747e-05,  1.0025e-04,
          8.6966e-05, -1.4577e-04,  4.0999e-04,  1.3427e-04, -2.7375e-04,
         -7.1391e-05, -7.2533e-05,  1.8185e-05,  1.3373e-05,  2.2170e-05,
         -1.6975e-04],
        [-1.0373e-04, -5.9249e-05, -1.8079e-05, -4.8248e-05, -9.3490e-06,
         -1.2001e-04,  6.0769e-05, -2.5357e-04,  6.1723e-05, -9.3615e-05,
         -1.2026e-05, -1.4508e-04,  1.4853e-05, -1.2414e-06,  2.8978e-04,
          3.7661e-05],
        [-9.2521e-05,  9.0996e-05, -1.4093e-04,  1.5139e-04,  3.7264e-05,
          1.8401e-05, -7.5882e-05, -1.2598e-04,  8.7173e-07, -3.9449e-06,
          3.0038e-04,  2.4200e-05,  9.9820e-05, -1.0402e-04,  4.8707e-05,
         -2.3050e-04],
        [ 2.5079e-04,  7.5344e-05, -8.1009e-05,  9.6214e-05,  4.3841e-05,
          6.0697e-05, -3.7038e-05, -1.6157e-04, -4.6936e-04,  1.5889e-04,
         -1.4547e-04, -4.4120e-06,  1.7098e-04, -7.8370e-05,  9.6691e-05,
          9.1606e-05],
        [-2.2532e-04,  9.7969e-05,  1.6755e-04, -4.4912e-05, -1.1434e-04,
         -2.0097e-04, -3.4415e-05,  1.3435e-04,  4.8400e-05,  1.0950e-05,
          1.2571e-04, -2.7569e-04, -4.1121e-05, -2.4829e-05, -5.4091e-05,
         -4.7595e-05],
        [-4.3188e-05, -6.1189e-05,  1.3759e-04, -1.8108e-04,  1.1723e-04,
          1.1063e-04,  5.9981e-05,  2.6663e-04,  9.0439e-05, -1.0141e-04,
          1.9637e-04, -2.6835e-04, -5.9458e-05,  1.0129e-04, -4.6407e-05,
          2.8662e-04],
        [ 6.3174e-05,  1.4022e-04, -9.3732e-05,  4.7450e-05,  1.5838e-04,
          2.2383e-04,  2.9488e-05,  2.4550e-05,  2.6974e-04,  1.0985e-04,
          2.3729e-06,  1.6188e-04, -6.4013e-05,  1.3788e-05, -1.3221e-04,
         -1.8610e-04],
        [-1.0159e-04,  4.5353e-05,  1.2003e-04,  8.6474e-06,  4.2505e-04,
          1.1004e-04, -2.2790e-04, -1.1614e-04,  1.3194e-04, -7.8256e-05,
          9.3014e-05,  3.0447e-05, -2.2567e-04, -1.0418e-04,  2.8302e-04,
         -5.2169e-05],
        [-8.7681e-05, -2.5041e-04,  2.9994e-05,  1.1969e-04,  7.3927e-05,
          8.8941e-05,  2.8654e-05, -3.4263e-04, -8.6725e-05,  1.4732e-05,
         -1.7922e-04,  2.8107e-04, -6.5658e-06,  1.9173e-04, -4.2488e-04,
          5.3127e-06],
        [-6.1613e-05,  4.6672e-06, -8.0061e-05, -8.9869e-05, -3.2947e-05,
         -7.6592e-06,  1.2109e-04, -1.4193e-04, -2.5076e-04,  1.7398e-04,
         -1.6277e-04, -3.4868e-04, -5.6021e-05,  1.8198e-04,  1.2412e-04,
         -6.1610e-05],
        [-2.2737e-04,  2.3401e-04, -3.2384e-05,  4.9789e-05,  2.9165e-04,
          1.3634e-04,  6.6887e-05,  1.7819e-04, -1.0083e-04,  1.3648e-04,
          1.7384e-04, -2.8048e-05, -1.5612e-04,  1.6845e-04, -7.9841e-05,
          2.7424e-04],
        [ 7.2214e-05,  1.1277e-04,  1.3627e-04, -2.8895e-05,  4.3767e-05,
         -6.2231e-05, -1.2080e-04,  4.7066e-05,  9.6692e-05,  1.0652e-04,
         -2.4036e-04, -3.8621e-04, -5.5739e-05,  1.1535e-06,  2.5648e-04,
          1.1992e-04],
        [-2.5228e-04, -9.9978e-05,  3.0563e-04,  1.1242e-04,  3.8899e-05,
          2.0366e-05,  7.2673e-05,  1.7446e-04,  9.4674e-05, -1.0549e-05,
          1.4794e-05,  9.7615e-05,  1.3152e-04, -1.2540e-04, -4.8921e-05,
          6.4109e-05],
        [ 6.1224e-05, -1.2014e-04, -1.5456e-04,  1.2637e-04, -4.8857e-05,
         -2.0279e-04,  7.3217e-05,  6.9839e-05,  8.1510e-05, -9.2485e-05,
         -2.8017e-04,  9.9573e-05, -1.1458e-04, -8.2898e-05,  1.1080e-04,
          2.0633e-04],
        [-5.6204e-05,  1.2935e-04, -2.4109e-05,  9.2132e-05,  2.6620e-05,
          1.4243e-04, -3.6143e-05, -2.6802e-04,  4.0287e-04,  7.7657e-05,
         -1.5668e-04, -8.5177e-05, -2.2554e-05, -5.0268e-06, -4.9603e-05,
         -8.6270e-05],
        [-5.8218e-05,  3.2288e-05,  1.5277e-04,  2.0475e-04,  1.5776e-04,
         -2.2786e-05,  8.8940e-05, -2.0422e-04,  9.4002e-05,  2.9763e-05,
          1.0888e-04, -6.3056e-05, -4.0426e-04,  1.2041e-04,  1.5161e-04,
         -2.2648e-04],
        [ 1.6831e-04, -3.5701e-05,  1.8369e-04, -2.6963e-04, -7.9387e-05,
          2.6803e-05,  1.7944e-04,  2.7911e-05, -6.5938e-05,  8.8380e-05,
         -5.1808e-04,  1.8307e-04,  2.1745e-05,  9.7819e-05, -5.3948e-05,
          1.4518e-04],
        [ 1.2034e-04,  2.9594e-02,  1.3943e-01,  1.0256e-05,  3.9874e-05,
         -2.5824e-05, -4.5499e-05, -2.1998e-05, -6.1165e-06, -5.1049e-05,
          5.1741e-02, -2.0737e-05,  2.2630e-02, -2.9919e-05, -8.7812e-04,
          1.0175e-01],
        [ 1.5927e-04,  2.5402e-04, -1.1094e-04, -2.0607e-05, -2.8436e-05,
         -1.3762e-04,  1.3020e-04,  7.7516e-02, -3.5883e-06, -1.5752e-05,
          1.6776e-04,  3.9211e-04, -2.4025e-05,  5.2292e-05,  1.0865e-04,
         -2.4980e-04],
        [ 1.5567e-05, -1.1370e-04, -1.8377e-04,  4.6006e-05,  1.4985e-05,
         -1.3242e-04,  5.7116e-05,  1.2650e-04, -8.5781e-05, -2.7802e-05,
          5.4286e-05, -4.7480e-05,  5.1483e-06, -2.8079e-05,  9.9594e-05,
         -1.6799e-04],
        [ 7.8327e-05, -4.0812e-04,  2.2877e-04, -1.2585e-04,  1.3961e-04,
          2.0954e-04, -4.3453e-05,  1.3757e-04,  1.1347e-04, -7.7721e-05,
         -1.6989e-04,  3.2669e-05,  8.1274e-05, -2.8430e-05,  5.9282e-05,
         -1.0986e-04],
        [-9.2239e-05, -3.8044e-05, -1.0044e-04,  2.8778e-04,  5.8679e-02,
         -1.2939e-04,  8.0899e-05,  2.5873e-05, -2.0308e-04, -2.4080e-04,
         -1.2011e-04, -1.9198e-05,  1.0274e-04, -4.4988e-05, -2.8882e-04,
         -2.4694e-04],
        [ 2.4523e-04, -5.5475e-05, -4.6933e-05,  1.0595e-04, -5.3192e-05,
         -1.2225e-04, -3.5691e-05, -6.3118e-05,  1.0801e-04,  1.5353e-04,
          5.9807e-06, -2.9811e-04, -3.8510e-05,  1.4310e-04,  5.9063e-05,
         -1.8291e-05],
        [ 1.3781e-04,  1.8383e-04,  1.6980e-05, -2.3130e-04,  2.2051e-04,
          2.2978e-04,  1.4507e-04, -3.0181e-04, -2.2409e-05,  1.7097e-04,
          1.4164e-04,  1.3032e-04, -8.6445e-05,  6.3079e-05,  2.9430e-05,
          4.6474e-04],
        [ 5.4215e-06, -3.9250e-05, -5.6671e-05, -1.4936e-04,  1.3732e-02,
          6.2960e-05, -8.9143e-06,  8.6842e-05,  1.7325e-04,  1.0220e-04,
         -1.6889e-04, -2.5012e-04, -9.0131e-06,  3.1886e-04,  9.9534e-05,
         -1.6170e-04],
        [ 6.3400e-05,  1.7265e-04, -9.0346e-05,  5.2675e-05, -1.7432e-04,
         -5.4835e-05,  4.2271e-04, -2.1344e-04, -1.5390e-04, -8.1734e-06,
          3.7492e-04, -8.2773e-05, -1.4117e-04, -4.7443e-05, -1.8229e-04,
          6.2382e-05],
        [ 6.1617e-05,  9.8483e-02, -4.9092e-05, -1.3662e-04, -3.3867e-04,
         -4.0158e-05, -1.1863e-04, -1.1480e-04, -6.7523e-05, -1.2518e-04,
          2.4543e-05,  2.2100e-04,  8.0949e-05,  2.3206e-05, -1.1573e-04,
          5.4127e-05],
        [ 1.5152e-04,  2.3704e-04,  8.5978e-05,  2.6150e-06,  1.7469e-04,
         -5.3171e-05, -2.7348e-05, -2.0969e-04, -1.7027e-04, -1.1883e-04,
          2.2529e-04, -4.1818e-04,  1.6184e-04, -8.6038e-05,  3.7314e-05,
         -1.8420e-04],
        [ 5.7004e-05,  1.0289e-05, -1.8197e-04, -3.3826e-04, -7.1685e-05,
         -4.5580e-05,  7.7911e-05,  2.7587e-05, -8.5478e-05, -1.6674e-04,
          1.4548e-04,  3.5800e-02,  6.1827e-02, -1.0957e-04,  5.3108e-05,
         -8.3311e-06],
        [-1.4956e-04,  1.6742e-05,  7.5023e-05, -1.0637e-04,  2.4036e-04,
          8.0315e-05, -7.7348e-05, -7.8094e-05, -1.6405e-04,  5.3468e-02,
         -8.5106e-05,  1.5058e-04,  8.0469e-06, -5.6014e-05,  6.7896e-02,
          2.1434e-04],
        [ 5.2714e-05, -1.5756e-04, -2.7557e-04, -4.8549e-05, -2.3782e-05,
          2.9311e-05,  3.6567e-05, -2.0859e-04, -1.6970e-04,  3.9252e-05,
          9.2014e-05, -1.9365e-04, -8.6384e-05,  1.8002e-04, -7.9112e-05,
          3.1635e-04],
        [ 7.5312e-05, -1.7437e-04,  1.2040e-04,  7.2358e-05, -2.0241e-04,
         -2.7649e-04,  2.2340e-04, -1.2771e-04, -2.2449e-04,  5.4222e-05,
          3.9611e-05,  1.7876e-04,  1.2641e-04,  1.4395e-04, -2.6961e-04,
          4.1408e-05],
        [ 1.8752e-04, -1.8290e-04,  3.8047e-04,  3.4873e-04,  6.8503e-06,
          4.7120e-05, -3.2600e-05,  6.6941e-05,  1.8677e-04, -4.1436e-04,
         -4.4411e-05, -5.5462e-05, -1.3590e-04, -7.4385e-05,  5.3207e-05,
          2.2733e-05],
        [-7.3058e-05, -1.0547e-04, -1.0336e-04, -1.0290e-04, -3.0775e-05,
          1.7765e-04, -6.9761e-05,  1.6269e-05,  4.1082e-05,  6.0481e-05,
          7.3361e-05, -2.0041e-05, -9.4423e-06, -1.3141e-04, -6.4135e-05,
         -3.2899e-04],
        [-1.3171e-04,  2.3991e-04,  8.8758e-05,  4.7153e-05, -2.2009e-05,
         -3.2488e-04,  2.9052e-04, -5.6216e-05, -2.6331e-04, -2.2501e-04,
         -1.5266e-04, -1.4223e-05, -2.9573e-05, -1.2857e-04, -1.2061e-04,
         -1.2494e-05],
        [-7.1654e-05,  7.7603e-06, -1.8709e-04, -2.1244e-04,  1.4334e-04,
          2.7527e-04,  1.4154e-04, -3.6069e-04,  1.2891e-04,  9.0459e-05,
          4.8549e-05,  2.6113e-04, -5.9958e-05,  1.8250e-04,  1.2816e-04,
          9.2950e-05],
        [-9.0753e-05,  3.3242e-05, -1.7278e-05,  1.7825e-04, -1.1472e-04,
         -4.7648e-05, -9.3248e-05,  6.3299e-05, -1.3621e-05,  1.5284e-04,
          1.8102e-05,  2.2613e-04,  4.6379e-05,  1.8909e-04,  5.2351e-05,
         -5.1185e-05],
        [ 4.0146e-05,  1.3614e-05, -3.7704e-05, -1.2376e-04, -2.5471e-05,
          8.4530e-06,  2.6330e-04,  9.8758e-05, -1.7940e-04, -6.0423e-05,
          1.7303e-05,  7.9758e-05, -7.5010e-05,  1.1160e-04,  1.8199e-04,
         -3.9669e-06],
        [-1.6664e-04,  3.4779e-05, -8.1093e-05, -4.3748e-05, -3.9702e-04,
         -8.0391e-05,  1.8295e-05, -3.0681e-04,  1.1216e-04,  5.3973e-05,
         -4.9623e-06,  3.0925e-05, -1.8562e-05, -1.7980e-04,  1.0429e-05,
          1.0940e-05],
        [-5.1335e-05,  1.0414e-04, -4.1816e-05,  2.5934e-05, -3.1140e-04,
          2.0043e-06,  1.4337e-04, -2.0135e-05,  3.6545e-05, -6.1777e-05,
         -1.5329e-04,  1.3984e-04, -7.2270e-05, -1.7013e-04, -9.2834e-05,
          1.5234e-04],
        [ 6.0930e-05,  2.3854e-04,  1.1631e-04, -4.2335e-06, -3.0608e-05,
          4.1703e-05,  1.3097e-04,  4.3220e-05,  2.6339e-05,  1.1705e-04,
          7.3193e-05, -1.1225e-04, -1.8637e-04, -1.1464e-04, -1.8993e-04,
         -2.7115e-04],
        [ 2.5407e-04,  1.3655e-05,  3.8640e-05, -2.2400e-05, -1.2808e-04,
         -8.4531e-05, -1.7469e-05, -3.9239e-05, -5.8144e-05, -8.6035e-06,
          7.6260e-05,  1.5929e-04, -4.9661e-05,  1.5451e-04, -1.6482e-04,
         -3.8105e-05],
        [-6.0993e-05, -1.0534e-04, -9.3199e-05,  2.8176e-04, -1.5447e-04,
         -3.3407e-05, -1.7100e-04,  9.7758e-06, -1.3297e-04, -3.5621e-04,
         -2.5686e-04,  1.2596e-06, -1.2396e-04, -1.2205e-04,  1.3707e-04,
         -7.0060e-05],
        [-8.2464e-05,  1.3459e-04, -1.7556e-05,  1.8594e-04,  1.3452e-04,
         -7.0785e-05, -2.5739e-06,  5.2314e-05, -2.2824e-05, -1.8522e-04,
          9.9150e-05,  9.7588e-05, -3.6662e-05, -1.2172e-04,  5.1821e-05,
         -3.4687e-04],
        [-1.7583e-04,  2.2138e-04, -4.5649e-05, -5.4947e-05, -2.9180e-05,
          7.4646e-06, -2.6503e-05,  2.5816e-04,  2.6002e-04,  7.4624e-05,
          2.5481e-05, -1.3539e-04, -1.3138e-04,  1.0246e-04,  1.7843e-04,
         -1.6335e-04],
        [ 4.7782e-05,  1.7226e-04, -3.1982e-04, -3.3174e-05,  1.0501e-05,
          4.2257e-05,  8.3060e-05, -6.6952e-05,  4.5552e-05, -2.2124e-04,
         -3.2963e-05,  1.3618e-04, -4.4381e-05,  2.1808e-06,  2.5369e-04,
          1.6980e-05],
        [-9.8547e-05,  1.1758e-04,  2.7149e-04, -1.5064e-04, -3.5638e-04,
          6.3613e-05,  1.0833e-04,  1.5821e-05, -3.4409e-04,  1.2896e-05,
         -3.5389e-05,  5.3162e-05,  1.5021e-05, -1.1099e-04,  1.2193e-04,
          4.8002e-05],
        [-9.3442e-05,  9.4360e-07, -8.9417e-05,  2.0309e-04,  1.8877e-07,
         -9.2589e-05,  1.7333e-04,  1.0578e-04,  5.1734e-05, -8.5096e-05,
         -1.4589e-05, -1.4650e-04, -1.4134e-04,  9.0785e-05,  1.8441e-04,
         -1.0611e-04],
        [-8.2396e-06, -3.1690e-05,  1.5449e-04, -2.2316e-04, -4.8615e-05,
         -6.5123e-05,  2.0068e-05,  6.1180e-05,  8.8892e-06,  2.0624e-04,
          1.7700e-04, -1.6105e-04,  8.4893e-05, -1.6334e-05, -2.0541e-04,
         -1.2759e-06],
        [-1.3623e-04,  1.8152e-04, -1.9256e-05,  2.3603e-04,  1.6280e-04,
          1.5360e-05, -1.2523e-04, -2.7615e-04, -1.7456e-05, -1.8341e-04,
          1.5330e-04, -6.7207e-05,  1.0707e-05,  1.0272e-04,  3.7344e-04,
         -3.9754e-05],
        [ 2.7767e-04,  2.6386e-04, -2.6644e-04,  1.9183e-04,  9.1104e-05,
          8.4703e-05, -5.8659e-05, -3.8292e-05,  1.2250e-05,  5.5537e-05,
         -1.7382e-05,  1.1606e-04,  5.6898e-05,  8.8559e-05, -4.2571e-04,
         -5.4530e-06],
        [ 4.7257e-05, -4.7279e-07,  1.6925e-04,  8.6889e-05,  7.1330e-05,
          1.0309e-04, -2.5899e-04, -3.4828e-05, -2.0767e-04,  7.6512e-05,
          2.9727e-04,  5.0539e-05,  3.9984e-05, -7.2436e-05, -1.4162e-04,
         -2.0687e-04],
        [-5.1406e-05,  1.8383e-04,  1.4626e-04, -2.5361e-04, -2.6711e-04,
         -5.6385e-05,  6.4968e-05, -1.9541e-04, -1.3867e-04,  1.3461e-04,
          1.3716e-04, -1.4584e-04, -7.2325e-05,  5.8618e-05,  6.5692e-05,
         -9.7506e-05],
        [ 2.0797e-04,  4.4549e-05,  5.2696e-05,  1.9557e-05, -4.9292e-05,
          2.4051e-04, -1.9593e-04,  1.5837e-04, -1.7983e-04, -1.2794e-04,
         -2.5955e-04,  1.6622e-04,  1.3895e-04,  1.6029e-04,  2.3634e-04,
          1.3068e-04],
        [-1.1424e-04,  1.4563e-04,  2.1341e-04, -1.5019e-05,  1.5340e-04,
         -6.7703e-06, -9.7821e-06,  1.6264e-04,  1.3953e-05,  8.7376e-07,
          1.0253e-04,  7.5599e-05,  2.8122e-05,  1.5455e-04, -2.8846e-05,
         -4.6079e-05],
        [-3.1335e-04, -2.8184e-04,  1.2843e-04,  2.0731e-04, -1.5759e-04,
          9.5569e-05,  5.0743e-07, -6.6433e-05,  4.6054e-05, -2.3875e-04,
          2.6023e-04,  9.6534e-05, -4.5659e-06,  1.4813e-04,  2.0887e-04,
         -2.2146e-04],
        [ 1.6822e-04, -1.1685e-04, -7.2772e-05,  2.1646e-04,  1.9677e-04,
          2.0786e-04,  1.2597e-04,  1.4254e-04,  1.3109e-04,  7.7915e-05,
         -2.3337e-05,  1.7453e-04, -2.7655e-05, -1.3674e-04,  1.6316e-04,
          5.5030e-05],
        [ 2.0980e-04, -4.3904e-05, -8.7984e-05, -7.8138e-06,  2.7921e-04,
          1.5211e-04,  4.0479e-05, -7.2965e-05, -8.2902e-05, -8.8744e-05,
          1.5205e-04,  1.5184e-04, -4.9157e-05,  2.3261e-04, -2.6788e-04,
          2.4259e-04],
        [ 1.8750e-04, -2.2445e-04,  1.8611e-04, -1.0109e-04, -3.6372e-04,
         -2.7922e-05,  1.6583e-04,  7.6431e-05, -6.3904e-05, -8.8033e-05,
          7.1856e-05,  2.1302e-05, -5.4281e-05,  4.0052e-05, -2.9729e-05,
         -6.2711e-05],
        [ 8.6650e-06,  2.2705e-04, -2.3468e-04, -8.0726e-05,  1.9791e-05,
         -6.2732e-05, -2.1771e-04, -3.6809e-05,  2.0728e-04,  1.6228e-04,
          1.6646e-04,  7.7476e-05, -1.7841e-04, -9.5755e-05,  1.2177e-04,
          6.0515e-06],
        [-1.3164e-04,  1.1051e-04,  8.8156e-05,  2.5822e-04,  1.3089e-04,
         -8.7298e-05, -1.0692e-04, -7.7349e-05, -3.8156e-05, -5.3880e-05,
          2.6624e-04,  1.6999e-04,  5.2826e-04, -7.0292e-05,  2.0660e-05,
          4.0037e-05],
        [-5.8522e-05,  3.8286e-04, -1.2998e-04,  2.1007e-04,  1.2281e-05,
          1.0494e-04,  1.4608e-04,  1.2598e-05,  9.9827e-05,  1.8223e-04,
         -6.0086e-05,  4.4751e-04, -5.4158e-05,  6.4430e-05, -6.1681e-05,
         -2.2746e-06],
        [-3.8947e-05,  8.2503e-06,  1.6598e-05,  4.5948e-04,  3.4603e-04,
          1.7081e-05, -4.2243e-05, -1.9778e-04,  1.3241e-04,  6.5022e-05,
         -6.4229e-05, -1.4903e-04,  9.6800e-05,  1.6028e-04, -1.0134e-04,
         -5.8650e-05],
        [ 1.2855e-04,  1.6645e-04,  1.6433e-04, -1.8416e-04,  1.3503e-04,
         -7.7124e-05,  1.7484e-04,  1.7979e-04, -6.4727e-05,  3.8989e-06,
         -6.7216e-05,  8.7278e-05,  4.5056e-04, -1.0220e-04, -9.3815e-05,
          7.5132e-05],
        [-4.6989e-05, -1.5370e-04,  1.2805e-04,  6.6433e-05, -1.6185e-05,
          1.9124e-04, -1.7790e-05, -9.7957e-05, -2.9002e-04, -2.2691e-04,
         -5.8532e-05, -1.9211e-05,  1.0681e-04,  1.7243e-05,  2.3645e-05,
         -1.3903e-04],
        [ 1.8660e-04, -1.6266e-04,  8.0526e-05,  4.7634e-05,  2.0553e-04,
         -1.7726e-04,  2.2222e-04,  6.9520e-05,  1.3604e-04, -8.7627e-05,
         -6.8047e-05, -5.5659e-07, -9.0766e-05, -1.2216e-04, -2.5012e-05,
         -5.5052e-05],
        [ 8.3287e-05,  1.6434e-04, -2.6564e-04, -2.0764e-04, -1.0849e-04,
         -3.2470e-06,  7.8455e-05, -1.1678e-04, -9.0257e-05,  1.9479e-04,
         -8.0108e-05,  9.7024e-05,  2.0758e-04,  2.2458e-04,  1.7953e-04,
         -1.5668e-04],
        [-1.4492e-04, -1.6309e-04, -1.5586e-04,  1.7161e-04,  3.2817e-05,
         -1.6758e-04,  7.7229e-06, -4.4495e-05,  9.2523e-06, -1.4131e-04,
         -1.0499e-04,  5.9807e-05, -8.7690e-06, -3.4149e-05,  2.3350e-06,
         -3.5636e-04],
        [ 1.7538e-04, -9.2162e-05, -1.6960e-04, -6.5356e-05,  7.5000e-05,
          5.4127e-05, -1.8315e-04, -2.6204e-04,  4.6523e-05,  1.8052e-04,
          8.1756e-05, -1.6931e-04, -2.9937e-05, -4.7081e-05,  1.1636e-04,
         -1.7876e-05],
        [-1.0872e-04,  1.0611e-04,  1.2068e-04,  3.9572e-05,  9.9583e-05,
         -1.8910e-04,  1.1495e-04, -1.8696e-05,  1.6053e-04,  2.1519e-04,
         -1.6538e-04,  1.1725e-04,  7.9107e-06,  2.6495e-05, -4.2378e-05,
         -9.9323e-05],
        [ 1.0201e-04,  1.2565e-04,  1.9128e-06, -1.6207e-05,  1.2420e-04,
         -1.7014e-04, -1.8720e-06, -3.2851e-05,  3.0365e-05,  4.9348e-05,
          9.2015e-05,  5.9114e-05, -4.4314e-05, -2.5950e-04, -1.0279e-04,
          1.2140e-04],
        [-1.4520e-04, -2.7158e-04,  1.0263e-04, -1.5351e-04,  2.6380e-04,
          7.8901e-05, -8.7453e-06,  1.8262e-05, -1.3698e-05, -1.1831e-05,
         -6.9660e-05, -1.6318e-04,  2.6846e-04, -6.7159e-05,  4.8675e-05,
          6.5597e-05],
        [ 1.1695e-04,  1.9328e-03, -2.9085e-04,  2.2301e-04, -5.1347e-05,
          1.0639e-04,  2.2697e-01,  2.4928e-05,  6.9670e-05,  1.5680e-04,
         -2.1632e-05,  2.9464e-05,  1.7042e-05, -5.9210e-05,  1.9193e-04,
          5.8355e-05],
        [-5.4082e-05,  5.0367e-05, -4.4065e-05,  2.0765e-04, -8.2939e-05,
          2.5761e-04,  2.3219e-05, -1.3726e-04, -2.2397e-04,  5.7915e-05,
          4.0880e-04,  1.7974e-04, -5.5100e-05,  5.8861e-05,  1.7429e-04,
          1.6061e-04],
        [-2.6815e-04,  5.7215e-05,  6.8599e-05, -1.9195e-04,  3.2273e-05,
          1.7204e-06,  7.4977e-05,  1.1732e-05, -1.8919e-05,  7.2984e-05,
          3.4269e-05,  2.5241e-04, -1.1752e-04, -8.8545e-05, -1.1691e-04,
         -3.5681e-04],
        [-1.5468e-04, -3.2826e-05,  6.9362e-05,  1.0313e-04,  3.6992e-04,
         -1.4071e-04, -8.4339e-05, -6.3961e-04,  6.0163e-05,  1.9244e-04,
         -3.7631e-06,  1.4096e-04,  1.6009e-04,  1.8924e-05,  1.9345e-05,
         -6.5369e-05],
        [-1.9204e-04,  2.9825e-05, -8.8050e-05, -3.8645e-05,  1.2308e-04,
         -1.1252e-04,  3.4675e-05,  4.1599e-04, -3.8564e-05,  5.0117e-05,
         -2.1698e-05, -8.4977e-05,  8.2024e-05,  8.7204e-05, -9.7984e-05,
          2.1624e-04],
        [ 7.5209e-05, -2.1274e-04, -5.4298e-05, -1.3578e-04, -4.1507e-05,
         -1.5071e-04,  3.7337e-05, -1.2447e-04,  7.3509e-05,  2.9832e-04,
         -2.0241e-04,  2.5328e-04,  1.0179e-04, -4.8292e-05,  1.0904e-04,
         -8.1508e-05],
        [ 8.4591e-05, -9.4802e-06,  2.1047e-05,  7.0634e-05, -4.5035e-06,
         -1.3868e-04,  1.5816e-04, -1.5729e-05, -1.8807e-04,  1.2152e-04,
         -3.9452e-05, -2.0035e-04, -1.2444e-04, -4.3953e-05,  1.4758e-04,
          1.4563e-04],
        [-3.3192e-04,  1.5211e-05,  1.6361e-04, -1.3149e-04,  7.4531e-07,
          2.8619e-04,  3.0717e-05, -2.1625e-04,  1.0464e-05,  1.4064e-06,
         -2.5622e-05, -9.4491e-06, -2.9060e-05, -8.6576e-05,  2.1313e-04,
         -1.3843e-04],
        [-1.1741e-04,  1.2856e-04,  4.4865e-04,  2.8152e-05, -1.8946e-04,
         -2.7086e-04, -6.5921e-05, -2.1863e-04,  1.8320e-04,  1.0136e-05,
          9.1812e-05, -1.7300e-04,  1.7894e-04,  1.9555e-05, -6.0937e-05,
         -1.7822e-04],
        [ 1.0527e-04, -1.2274e-04, -3.6330e-05,  1.6050e-04,  3.2763e-04,
         -6.5289e-05, -5.2439e-05, -5.8212e-05,  3.7405e-04,  5.6097e-05,
          6.1768e-05, -1.7409e-04,  2.6611e-04, -1.3628e-05,  2.1458e-04,
          1.2022e-04],
        [-2.4281e-04, -2.0031e-05,  2.2111e-05,  5.3691e-05, -4.2811e-05,
         -8.8079e-06, -2.0154e-04, -6.8680e-06,  1.0645e-04, -1.4960e-04,
          1.4895e-05, -1.1886e-04, -2.2961e-04, -6.6281e-05,  1.3584e-04,
         -8.1961e-05],
        [-2.8008e-04,  1.0628e-04,  7.2669e-05,  8.4814e-06,  1.2228e-05,
          1.1757e-04, -9.5662e-05, -1.9724e-04, -3.0823e-05,  4.0949e-05,
         -2.5814e-04,  7.2673e-05, -1.8416e-04,  3.1602e-05, -7.6081e-05,
         -1.1636e-04],
        [-8.5251e-06, -1.1427e-04,  1.0507e-04,  1.2388e-04,  6.4306e-05,
         -1.7872e-04, -4.6682e-06, -2.6016e-04,  4.7658e-05, -9.0471e-05,
         -7.5223e-06,  4.1988e-05, -5.3208e-05,  1.5994e-04,  9.7175e-05,
         -2.8166e-04],
        [ 2.4352e-04, -3.7241e-04, -9.8777e-05,  3.8031e-05, -2.2331e-04,
          3.8059e-05, -1.6894e-05,  5.1047e-05,  3.4666e-04, -2.1687e-04,
          4.3257e-05, -4.8396e-05,  5.2888e-05,  8.6311e-05,  3.4968e-04,
         -4.7697e-05],
        [-3.2184e-04,  2.1631e-05, -3.0678e-05, -3.0206e-04,  1.3432e-04,
          9.9738e-05, -9.4335e-05, -4.8175e-05,  8.6072e-05,  1.1398e-06,
          2.6848e-04,  5.3912e-05,  1.0121e-04, -6.6518e-05, -2.5064e-04,
         -2.4615e-04],
        [-6.5426e-05, -1.3691e-05,  8.4058e-05,  2.0431e-06, -1.8334e-04,
         -3.5749e-05,  5.7383e-05,  2.0213e-04,  9.6619e-05, -1.2762e-04,
         -1.1891e-04, -9.1063e-05,  1.6813e-04, -1.6137e-04,  2.4114e-04,
          6.6522e-06],
        [-2.5759e-04, -8.0082e-07,  2.6737e-05,  2.2651e-05,  5.4110e-05,
         -3.1354e-06,  1.6065e-04,  2.7191e-04,  2.1333e-04,  8.6988e-05,
         -1.0251e-04, -1.8392e-04,  1.5826e-05,  1.7560e-04, -1.7769e-04,
         -2.0155e-04],
        [-2.8101e-04,  4.3374e-05,  4.6347e-04,  7.8884e-05,  6.5617e-05,
         -7.5025e-05, -2.0406e-04, -3.5640e-05,  2.5597e-04, -9.9837e-05,
         -4.8564e-04,  3.0815e-04, -1.2465e-04,  1.0730e-04, -2.9015e-05,
         -1.0749e-04],
        [ 7.2272e-05, -4.9450e-05,  2.0436e-04, -1.0196e-05,  5.6188e-05,
         -9.1253e-05, -2.1939e-04,  7.3320e-06,  8.1426e-06, -6.6171e-05,
         -4.7438e-05, -9.5124e-06, -2.3641e-04,  2.2645e-04,  9.2954e-05,
         -1.0847e-04],
        [ 1.7369e-04, -4.3305e-05,  2.7223e-06, -1.8210e-05,  7.8605e-05,
          1.1285e-04, -4.3168e-05, -2.9425e-04,  9.0130e-05, -2.8869e-05,
          2.4899e-05, -1.1506e-04,  1.2191e-04,  1.2768e-04,  6.5061e-05,
         -4.8956e-05],
        [-6.7591e-05, -4.4493e-06, -2.0382e-04, -1.3136e-04, -2.7376e-05,
          9.1833e-05, -5.4763e-05,  6.8568e-05,  9.2612e-05, -2.4004e-04,
          5.9227e-02, -4.9167e-05,  8.2790e-05, -1.3527e-04,  6.9365e-07,
         -1.3343e-04],
        [ 2.8138e-04,  4.6096e-05, -4.5028e-04,  5.6586e-06, -5.8315e-05,
          4.5121e-05,  2.3958e-04, -1.6361e-04,  5.0859e-05, -5.6535e-05,
         -1.8992e-04, -7.6975e-05,  2.8682e-05,  2.5368e-04,  3.6804e-05,
         -1.1120e-04],
        [ 1.7883e-04,  3.2285e-05,  1.5928e-04,  1.7002e-04, -1.4714e-04,
          5.0200e-05, -1.2004e-04, -4.2645e-05, -6.8714e-05, -9.5417e-05,
         -2.6911e-06, -1.0008e-04, -5.4550e-05, -4.4485e-05, -3.2609e-04,
          1.3846e-04],
        [ 6.4561e-05, -2.5207e-04,  1.3463e-04,  1.4699e-05, -3.3136e-04,
          7.3203e-05,  8.6505e-05, -7.5948e-05,  1.0711e-04,  3.4900e-04,
         -9.8609e-05,  2.4988e-07, -1.0558e-04,  1.1734e-04,  3.1850e-05,
         -2.6628e-05],
        [-8.6189e-05,  1.2209e-04,  2.5496e-04,  4.9815e-05, -1.6259e-04,
         -5.7618e-05, -4.6105e-05, -1.0149e-04, -2.4967e-04, -2.1911e-04,
          6.0523e-06, -6.0684e-05,  1.1366e-04, -7.9961e-05,  8.8099e-05,
          1.5962e-04],
        [-5.5604e-05,  1.3829e-04, -7.1012e-06, -1.4648e-04, -5.9403e-05,
         -4.5342e-05, -4.2698e-05,  4.4625e-05, -1.7566e-06, -9.8273e-05,
          1.1701e-04, -1.2922e-04,  1.3050e-04,  3.6971e-05,  1.0178e-04,
         -3.3004e-04],
        [ 3.4554e-04, -1.5451e-04, -2.8715e-05, -3.7659e-05, -1.8794e-04,
          7.3509e-06,  3.6797e-06, -1.7220e-05,  2.4847e-04,  1.0053e-04,
          1.9678e-04, -1.7921e-04, -3.9229e-05, -5.4902e-05,  2.3180e-04,
         -1.3979e-04],
        [-1.1279e-04,  5.5239e-05, -1.9246e-05,  1.0079e-04,  7.4221e-06,
         -3.1864e-05, -2.3389e-04,  1.7508e-04, -1.2543e-04,  9.6644e-05,
         -1.0194e-04, -1.6385e-04,  1.1840e-04, -1.9707e-04,  1.9659e-04,
          1.6395e-04],
        [-9.5685e-05,  3.9970e-05, -1.4951e-04,  1.1837e-05,  6.9893e-05,
         -2.7093e-04, -3.2572e-05, -1.7533e-04, -2.2668e-04,  3.6827e-05,
          1.1640e-04, -1.2882e-04,  1.1171e-04,  6.8890e-05, -3.4956e-05,
          1.3668e-05],
        [-1.0791e-04, -1.3951e-04,  4.4939e-05,  1.7311e-04,  4.1691e-05,
         -1.9023e-04,  1.0832e-04,  2.3550e-04, -3.4635e-04,  7.3126e-05,
         -1.1956e-05,  1.1518e-05,  8.4269e-05, -1.7260e-04,  1.7734e-04,
          3.1254e-04],
        [-2.6293e-04, -5.5465e-06, -5.9171e-05,  4.8030e-05,  3.3572e-05,
          1.7146e-05,  1.9377e-04,  5.2893e-04, -8.2896e-05, -4.2208e-04,
         -1.0032e-04, -1.8634e-04,  6.8121e-05, -2.3032e-04,  3.9042e-05,
         -1.0747e-04],
        [-3.2403e-04, -2.7020e-04,  2.4593e-04,  4.4751e-05, -4.9115e-05,
         -1.0269e-04,  7.9627e-05,  6.6497e-05, -8.9509e-05, -2.8737e-04,
         -1.5350e-05, -8.6838e-06,  1.8967e-05, -1.8663e-04,  1.1307e-05,
          1.9781e-04],
        [-2.7555e-04,  1.3038e-04,  3.8464e-05,  5.1262e-05,  2.0349e-04,
          7.5414e-05, -4.1231e-05,  1.1618e-04,  5.6792e-05,  6.1243e-04,
         -1.2736e-04, -6.1616e-05,  1.2708e-04,  1.3450e-04, -4.0119e-07,
          6.1285e-05],
        [-2.1361e-04,  1.0253e-05,  6.2694e-06, -1.7524e-04, -8.0757e-05,
          6.5630e-05, -4.4735e-04,  9.6344e-05,  6.0837e-05, -1.5274e-04,
          1.2984e-04, -1.6361e-04, -3.1439e-04,  1.4609e-04,  2.5062e-04,
          2.1235e-04],
        [ 2.7701e-04, -4.5072e-05,  8.9768e-05,  1.0608e-05,  2.5482e-04,
          1.3205e-04,  9.2028e-05,  1.3096e-04,  1.5309e-05, -7.3744e-05,
          3.2185e-04,  1.6604e-04, -1.4980e-04, -2.5827e-04,  3.6515e-04,
          1.9630e-05],
        [-6.1669e-05, -9.6848e-05,  1.3413e-04, -5.0235e-05, -3.3037e-05,
          8.7741e-05,  1.9139e-04, -4.0875e-05,  1.4037e-04, -1.3322e-05,
         -7.3084e-05,  1.9532e-04, -7.8178e-05,  1.9714e-04,  8.5306e-05,
          1.1890e-01],
        [ 3.2427e-01,  8.3203e-05,  1.6878e-04,  1.2085e-04,  2.0463e-04,
         -2.7893e-04, -3.1082e-06, -9.2049e-05, -3.8057e-04,  8.6435e-05,
         -2.2232e-05, -1.0664e-04,  1.1593e-04, -2.3713e-06, -1.2480e-05,
          3.1812e-05],
        [-3.3084e-04,  2.0856e-01,  1.7158e-04, -1.5136e-04, -4.1983e-05,
         -1.5754e-04,  1.8360e-06,  3.0386e-05, -4.0895e-04, -2.5108e-04,
         -8.4196e-05, -6.9516e-06, -5.2253e-05, -1.1144e-04,  1.5809e-04,
          1.1253e-04],
        [ 1.6939e-04, -9.0386e-05,  2.8256e-01, -1.4435e-05,  9.6071e-05,
         -5.3183e-05, -3.3539e-04, -6.6974e-05,  4.4110e-04, -1.1798e-04,
          1.4504e-04,  3.7090e-05,  1.1793e-04,  1.0399e-03,  1.1829e-04,
          6.2935e-05],
        [-1.0184e-05, -5.2469e-05,  9.0058e-02,  1.7506e-02, -1.3179e-06,
          7.1288e-05,  3.8825e-06, -2.6662e-05,  6.3284e-06,  1.1813e-04,
         -5.8354e-06, -1.7689e-04, -1.2826e-04, -2.8844e-05, -1.2128e-05,
          4.2375e-02],
        [-1.7339e-04, -5.6350e-05,  9.0393e-06,  6.0900e-05,  2.8074e-01,
          9.2034e-05,  1.7300e-04,  1.8228e-04,  1.0451e-04,  3.7688e-04,
          4.0811e-05,  1.9993e-04,  1.8939e-04, -6.7446e-05,  3.6459e-06,
         -1.2090e-04],
        [-8.5187e-05,  1.6886e-05, -1.9002e-04, -1.8176e-04, -7.0557e-05,
          1.0637e-01, -2.5789e-05, -1.7226e-05,  4.1675e-05, -5.5221e-05,
          9.9227e-04, -7.6749e-06,  1.0008e-04, -8.7827e-05, -6.6107e-05,
          6.1531e-05],
        [ 2.6819e-05,  6.8517e-05, -5.7078e-05,  5.2560e-04, -3.4364e-05,
          3.2266e-04,  4.4016e-02,  1.8506e-06, -1.2255e-04,  2.9551e-05,
          1.0444e-04, -1.5907e-04,  5.4519e-05, -2.8967e-05, -2.5473e-04,
         -1.0614e-05],
        [ 2.1605e-04, -1.9354e-04, -1.4984e-04, -9.9908e-05,  1.2821e-05,
          1.6991e-04, -1.2602e-04,  2.3720e-01, -6.6752e-05, -5.6935e-05,
         -1.0079e-04,  4.3987e-05,  1.0349e-04,  2.7382e-04,  9.2389e-06,
         -6.3667e-05],
        [-2.7024e-04,  6.2497e-05,  2.5841e-04, -1.1565e-04, -7.2191e-05,
          4.4069e-05, -4.8782e-05, -1.7699e-04,  5.0295e-03, -1.0042e-04,
          9.4203e-05,  4.1357e-05,  9.1668e-05, -1.2238e-04,  1.3995e-04,
          2.5337e-05],
        [ 1.3860e-05, -1.3403e-07,  5.8916e-05,  8.8669e-05,  3.7631e-05,
          1.0917e-04,  1.3362e-04, -1.5447e-04,  1.1948e-04,  2.2669e-01,
          3.0142e-04, -5.6661e-05, -1.2295e-04,  6.5459e-05, -2.3703e-04,
          1.6744e-04],
        [-3.1601e-05, -9.3406e-05, -3.9655e-05, -4.5393e-05,  9.7402e-05,
          2.2543e-04, -2.7099e-04, -9.7983e-05, -3.9273e-05,  7.7910e-05,
          2.8375e-01,  2.2949e-04,  3.3848e-04, -1.7685e-07, -1.4817e-04,
          1.1003e-04],
        [ 9.4250e-05, -1.3806e-05, -4.3449e-06, -2.5191e-06, -9.6364e-05,
          7.2013e-05, -2.3576e-04,  4.8977e-05, -2.0044e-05, -1.0897e-04,
          7.2295e-05,  3.0858e-04,  8.0983e-05,  2.2051e-05,  1.6754e-04,
          6.3383e-05],
        [ 2.3656e-04, -2.0042e-04,  9.1505e-05, -1.8822e-04,  6.6412e-05,
         -1.8597e-04,  6.3826e-05, -7.8129e-05, -1.8210e-04,  8.5034e-05,
         -2.2420e-04, -2.0368e-05,  3.0841e-01,  8.1829e-05,  1.8056e-05,
          9.6218e-05],
        [-1.4086e-04,  4.3114e-05,  4.0620e-05,  1.2243e-04,  9.2545e-06,
          2.5821e-04,  2.3532e-02, -2.4953e-04, -8.2554e-05,  9.1298e-05,
         -1.2897e-05,  1.5134e-05,  9.1635e-05,  2.8468e-01, -7.2657e-05,
         -1.1043e-04],
        [-2.6875e-04,  3.2553e-04,  1.7019e-05,  2.6006e-05, -3.3634e-04,
          2.5838e-04,  1.7833e-04,  4.9071e-05,  4.1672e-05,  1.4000e-04,
          1.1642e-04,  1.8540e-04, -4.4581e-04,  1.2044e-04,  2.6941e-01,
         -5.5468e-05],
        [ 8.4157e-05,  2.0212e-05, -2.7973e-05,  2.2790e-04, -1.3268e-04,
         -1.0960e-04,  1.7884e-04, -1.2281e-04,  1.3308e-04,  1.8752e-05,
          9.0734e-06, -1.4277e-04,  9.5491e-05, -2.1067e-06, -6.1020e-05,
          2.4010e-01]])