tensor([[-1.3178e-04, -9.5164e-05, -3.9995e-05,  9.1126e-05,  4.0297e-04,
         -2.9848e-05,  2.1720e-04, -1.0878e-04,  1.2540e-04, -1.2831e-05,
         -8.3520e-06, -1.5086e-05,  9.8171e-05,  5.8944e-05, -1.3486e-05,
         -1.1456e-05],
        [-1.1633e-05,  3.1435e-05,  1.1658e-04,  2.7263e-04,  1.8837e-04,
          2.5835e-05, -1.9251e-04,  3.1722e-04, -2.5691e-04, -4.7600e-05,
         -4.0153e-05, -1.8579e-04,  7.8275e-05, -1.4203e-05,  3.0068e-05,
          2.0136e-04],
        [ 1.4939e-04,  7.4749e-01, -1.4669e-04, -9.8028e-05, -3.8125e-05,
         -7.9249e-05,  2.8324e-04,  5.5780e-05,  4.2119e-05, -3.3997e-05,
         -6.5871e-05,  2.9670e-05,  1.3513e-04,  9.5792e-05,  3.4122e-05,
         -1.4966e-04],
        [ 1.2126e-04,  2.3596e-05,  7.6819e-01,  1.4094e-04,  2.4142e-04,
          9.2377e-05,  1.4307e-04,  1.7223e-05,  2.8949e-04, -1.6540e-04,
         -2.6886e-05, -7.5989e-05, -2.1711e-04,  1.2583e-04,  4.9463e-06,
          1.7066e-04],
        [ 1.6328e-04,  1.0567e-06,  1.5031e-04,  4.5442e-04,  2.1720e-04,
          2.4908e-04,  4.2473e-05,  1.9095e-04,  7.9826e-05, -7.8863e-05,
          2.4229e-05, -3.8427e-04, -9.9024e-05, -4.5221e-05, -6.7789e-05,
          1.4741e-04],
        [-1.1733e-04,  5.0746e-05,  5.2509e-05, -1.1068e-04,  8.0764e-01,
          4.6997e-05, -1.3339e-04,  2.0759e-05,  2.0845e-04, -2.2248e-04,
          5.0002e-05,  1.7432e-05, -1.2976e-04, -2.4260e-04, -6.7647e-05,
         -1.8546e-04],
        [ 4.7652e-04,  7.5893e-05,  2.1504e-07,  1.0079e-04, -2.2220e-04,
          7.3586e-01,  8.3251e-05, -1.1206e-04,  3.6882e-04,  8.2915e-05,
          1.9760e-04,  4.0397e-05, -3.5906e-05,  1.6592e-04, -1.8111e-06,
         -5.0551e-05],
        [-3.5060e-06,  2.1567e-04,  4.6075e-05, -2.0516e-05,  4.4431e-04,
          9.5595e-06,  7.8479e-01, -2.3033e-04,  6.7896e-05,  1.1728e-04,
         -7.2421e-05,  5.1770e-06,  2.9787e-05, -2.5875e-04, -1.1238e-04,
          2.9043e-04],
        [-1.7261e-05, -1.6932e-04, -1.3219e-04, -6.8409e-05,  1.1156e-04,
          1.2407e-04, -2.1599e-04, -1.1591e-04,  3.3862e-04, -1.3015e-05,
         -1.5916e-04, -1.1877e-04,  1.6853e-04, -4.0631e-05, -1.0647e-04,
          3.6711e-05],
        [-1.0826e-05,  1.3015e-04, -1.6144e-04, -1.0005e-05, -1.5843e-06,
         -9.1579e-05,  2.0854e-04, -4.9644e-05,  7.7785e-01,  3.2524e-05,
         -4.1254e-05,  9.7762e-05, -1.5554e-04,  1.4764e-06,  1.1249e-05,
          1.3977e-04],
        [-5.4477e-06, -2.5335e-05, -1.4914e-04, -2.4617e-04,  1.7501e-04,
          3.7163e-05, -2.3943e-05, -4.1408e-05,  1.0938e-05, -6.9650e-05,
         -6.9260e-05, -1.7700e-04,  6.1699e-05,  1.5454e-04,  1.8062e-04,
          1.3535e-04],
        [-7.1788e-05, -7.8324e-05,  5.9908e-05, -2.1573e-04,  5.0939e-05,
         -1.1185e-04, -3.3810e-05, -2.8011e-04,  1.0071e-04, -1.9768e-04,
         -5.8523e-05,  5.8271e-05,  1.5887e-04, -1.6099e-04, -5.8794e-05,
          1.6914e-05],
        [ 1.1552e-04, -1.7747e-04,  6.9465e-06, -9.9186e-05, -1.8321e-04,
         -3.6224e-05,  6.5389e-05, -8.6009e-05,  3.8171e-05,  4.9279e-05,
          1.6861e-04,  2.3485e-05,  2.1360e-04,  8.7147e-05,  3.7103e-04,
         -1.3592e-04],
        [-2.8569e-04, -1.6994e-04,  1.2729e-04,  3.7611e-05,  8.0350e-05,
          1.0812e-04, -6.9963e-05,  3.6249e-04, -2.5996e-05, -1.9432e-05,
         -5.0380e-05, -1.9237e-04,  7.8042e-01, -6.9483e-05,  1.5420e-04,
          1.8365e-04],
        [-1.4573e-04,  8.8177e-05,  7.8243e-05,  2.0379e-04,  1.9071e-04,
          1.1663e-04,  2.1553e-04,  1.7352e-04, -8.0652e-05, -1.8344e-04,
          2.4943e-04, -1.8344e-04,  1.7954e-04,  1.8714e-05, -2.7366e-04,
          4.2046e-05],
        [ 8.1775e-05,  1.3683e-04, -3.0130e-04,  1.9098e-05, -5.0686e-05,
         -2.3005e-04, -8.7989e-05,  7.6129e-06,  1.1365e-04,  1.8241e-04,
         -1.2270e-04, -9.9118e-05, -3.2491e-05, -1.1296e-04, -6.5664e-05,
          5.7169e-05],
        [-1.4082e-04,  1.0136e-04,  9.7206e-05,  1.3897e-04, -3.1540e-05,
          1.9740e-04, -2.7793e-05, -3.3388e-05,  1.5611e-04,  8.8512e-06,
          4.5934e-05, -6.5780e-06, -1.2028e-04,  6.7153e-05, -1.3866e-04,
          2.9043e-04],
        [ 1.8143e-04,  1.3961e-04, -4.2218e-05,  8.4637e-05, -1.9319e-04,
          1.1384e-04, -1.3445e-05,  2.7377e-05, -1.5297e-04,  2.3508e-04,
         -2.0544e-06, -8.7734e-06,  4.3429e-04,  6.1557e-05,  1.7907e-04,
          4.6187e-05],
        [ 7.3707e-05,  8.9269e-05, -5.8018e-05,  2.3861e-04, -1.1056e-05,
          2.6142e-05, -8.9525e-05,  6.9407e-05,  9.4461e-06,  1.5794e-04,
         -1.0720e-04,  2.1637e-04,  1.8132e-04,  1.7777e-04,  9.5945e-05,
         -5.7775e-05],
        [-2.2616e-04, -8.6948e-05,  1.3995e-03, -1.9578e-04,  2.9035e-04,
         -1.9663e-04,  3.8854e-05,  2.7272e-04, -1.7707e-04, -1.2869e-05,
          1.8012e-04,  9.7169e-05,  3.3305e-04, -3.7768e-05,  2.2669e-05,
         -8.1649e-05],
        [ 3.2338e-05,  4.3829e-05, -1.2158e-05, -1.8207e-04,  2.5513e-04,
         -3.3333e-07,  3.3633e-04,  1.8413e-05, -8.6133e-05, -2.6641e-05,
          1.3316e-04,  1.9932e-04,  1.4581e-04,  1.3126e-04, -3.4856e-05,
          4.2148e-06],
        [-2.0487e-04, -2.4218e-04, -8.5043e-05,  2.3738e-05,  5.0472e-05,
         -1.4313e-04, -7.6190e-05,  2.4251e-04,  1.0040e-04, -1.2916e-04,
          8.6694e-05,  1.8119e-04,  3.9000e-04,  9.0563e-05,  2.7942e-04,
         -1.7178e-04],
        [ 3.3719e-05,  4.4742e-04,  1.6384e-04, -3.6026e-06, -2.1635e-04,
          1.9068e-04,  1.5977e-05, -4.7963e-04,  3.6058e-05,  2.9838e-04,
          7.9762e-05, -8.9449e-05,  7.3947e-05, -2.7611e-04,  1.6216e-04,
          4.0144e-05],
        [ 1.2857e-04, -1.3293e-04,  7.0863e-05,  1.8797e-04, -2.0334e-04,
         -1.3287e-04, -3.2872e-04,  1.1665e-04,  3.3351e-05, -5.7114e-05,
         -4.3524e-06, -3.0925e-04, -7.5538e-05, -7.6048e-05,  2.2355e-04,
         -1.7272e-04],
        [-1.3362e-04,  6.5258e-05, -1.7642e-04, -1.2089e-04,  2.1720e-05,
          5.0872e-05,  2.0693e-05,  9.3524e-05,  5.8573e-05,  1.7610e-04,
          1.5815e-04, -1.4459e-04, -1.2410e-04,  3.3989e-05,  2.0529e-04,
         -1.7181e-04],
        [ 1.4220e-04, -1.6769e-05,  7.6712e-05, -1.8636e-04,  7.3550e-05,
          1.1587e-04,  7.0137e-05,  4.8844e-05,  1.3636e-04, -4.2115e-05,
          1.2877e-04,  4.1803e-05, -3.1354e-04,  8.5305e-05, -3.6958e-05,
         -2.3268e-05],
        [ 5.4356e-05, -4.0438e-05, -2.8612e-04, -1.8047e-04, -1.7847e-05,
          8.0422e-05,  7.9118e-05, -3.2157e-04,  3.0868e-07, -5.3110e-06,
         -1.6408e-04, -1.9391e-04, -1.2004e-05, -4.8016e-06,  9.6692e-06,
          1.1309e-04],
        [ 1.5369e-04, -7.2241e-05, -3.4359e-05,  2.5662e-04,  2.3266e-04,
          6.9244e-06,  2.6520e-05, -1.0528e-04,  6.8115e-05,  1.2912e-05,
          1.2443e-04,  7.5540e-06, -7.5191e-05,  2.7337e-05,  1.0312e-04,
          1.3590e-04],
        [ 5.7438e-06, -1.3850e-04,  4.1655e-05,  2.5064e-04, -5.2658e-05,
         -4.9478e-06,  3.2292e-04,  3.6255e-05, -7.5775e-07,  3.4694e-04,
          1.4793e-04, -3.5335e-06, -9.2954e-05,  1.9763e-04,  3.2350e-05,
          1.2531e-04],
        [-5.8031e-05,  1.6131e-04, -4.4921e-05, -2.5667e-04,  2.8444e-05,
         -1.4261e-05,  3.5839e-05, -9.4806e-05,  1.8489e-04,  4.5913e-05,
          7.8501e-05, -2.7403e-04,  4.3924e-06, -2.7131e-06,  2.0160e-04,
          5.2104e-05],
        [ 1.1769e-04, -1.4171e-04,  3.1840e-05, -1.2491e-04,  1.5260e-05,
         -2.7107e-04, -2.7383e-05,  1.7405e-05,  6.2274e-05, -2.3003e-05,
         -7.4262e-05, -2.4041e-04, -2.3433e-04,  6.5143e-05,  8.1796e-05,
          6.7958e-05],
        [-2.2686e-04,  1.8098e-04, -6.6726e-05,  6.5365e-05, -1.0442e-04,
         -6.2628e-05, -1.0480e-04, -1.7930e-04,  1.7010e-04,  1.5836e-04,
         -1.8915e-04,  5.7015e-05, -2.6969e-04,  7.2918e-05, -3.2627e-05,
          3.2116e-04],
        [-2.8388e-04,  3.8157e-04,  4.5839e-05, -9.0146e-05, -8.8376e-05,
          1.6481e-05, -1.7931e-04, -1.2117e-04,  1.6034e-04,  1.0878e-04,
          8.3204e-05,  2.6610e-05, -7.1838e-05,  1.0912e-04, -3.7478e-05,
          5.6517e-05]])